20
28 0.533 0.166 0.964 0.588 0.681 0.652 0.211
47 0.960 0.088 0.081 0.628 0.777 0.948 0.515
58 0.667 0.638 0.471 0.028 0.597 0.439 0.945
2 0.600 0.200 0.500 0.100 1.000 0.100 1.000
21 0.588 0.423 0.572 0.307 0.703 0.268 0.000
86 0.893 0.699 0.423 0.734 0.127 0.997 0.018
12 0.743 0.714 0.911 0.552 0.964 0.776 0.356
62 0.719 0.156 0.014 0.837 0.613 0.376 0.707
30 0.889 0.482 0.277 0.194 0.392 0.339 0.886
1 1.000 0.000 1.000 1.000 1.000 1.000 1.000
53 0.355 0.185 0.299 0.939 0.295 0.063 0.155
1 0.800 0.100 0.500 0.500 0.500 0.500 0.500
25 0.984 0.222 0.993 0.336 0.207 0.084 0.478
64 0.219 0.179 0.825 0.561 0.154 0.754 0.543
29 0.767 0.586 0.279 0.921 0.407 0.019 0.732
26 0.928 0.246 0.915 0.726 0.009 0.732 0.041
13 0.600 0.495 0.830 0.178 0.768 0.678 0.387
53 0.623 0.075 0.451 0.830 0.258 0.036 0.105
73 0.733 0.648 0.371 0.866 0.469 0.782 0.003
38 0.887 0.847 0.004 0.716 0.148 0.543 0.058
